table_1_parameters:
(142.0, [0, 3], 15, [0.81, 1.06, 1.09, 1.03, 1.12, 0.97, 0.99], 3, [1, '2019-06-21', '2019-03-21', 0.25, 0.25], array([0.58, 0.34, 0.64]), [0.8, 'product_1_quantity', 'product_3_quantity', 0.2], 0.2, array([33, 45, 29]))

table_2_parameters:
(136.0, [0, 3], 15, [1.09, 0.93, 1.04, 0.81, 0.98, 1.07, 1.09], 3, [1, '2019-06-21', '2019-03-21', 0.25, 0.25], array([0.58, 0.34, 0.64]), [0.8, 'product_1_quantity', 'product_3_quantity', 0.2], 0.2, array([63, 25, 25]))

table_3_parameters:
(133.0, [0, 3], 15, [1.0, 0.95, 1.08, 0.97, 0.93, 0.82, 1.0], 3, [1, '2019-06-21', '2019-03-21', 0.25, 0.25], array([0.58, 0.34, 0.64]), [0.8, 'product_1_quantity', 'product_3_quantity', 0.2], 0.2, array([55, 52, 36]))

table_4_parameters:
(113.0, [0, 3], 15, [1.07, 1.0, 1.35, 0.94, 1.01, 1.08, 1.06], 3, [1, '2019-06-21', '2019-03-21', 0.25, 0.25], array([0.58, 0.34, 0.64]), [0.8, 'product_1_quantity', 'product_3_quantity', 0.2], 0.2, array([68, 32, 29]))

table_5_parameters:
(122.0, [0, 3], 15, [1.03, 1.01, 0.87, 1.16, 0.88, 0.83, 0.9], 3, [1, '2019-06-21', '2019-03-21', 0.25, 0.25], array([0.58, 0.34, 0.64]), [0.8, 'product_1_quantity', 'product_3_quantity', 0.2], 0.2, array([48, 30, 27]))

table_6_parameters:
(143.0, [0, 3], 15, [0.96, 1.14, 0.69, 0.81, 0.81, 0.88, 1.15], 3, [1, '2019-06-21', '2019-03-21', 0.25, 0.25], array([0.58, 0.34, 0.64]), [0.8, 'product_1_quantity', 'product_3_quantity', 0.2], 0.2, array([58, 65, 29]))

table_7_parameters:
(109.0, [0, 3], 15, [0.82, 1.23, 0.94, 0.88, 1.13, 0.97, 0.95], 3, [1, '2019-06-21', '2019-03-21', 0.25, 0.25], array([0.58, 0.34, 0.64]), [0.8, 'product_1_quantity', 'product_3_quantity', 0.2], 0.2, array([56, 66, 31]))

table_8_parameters:
(116.0, [0, 3], 15, [1.05, 0.87, 1.03, 1.42, 0.89, 0.76, 1.11], 3, [1, '2019-06-21', '2019-03-21', 0.25, 0.25], array([0.58, 0.34, 0.64]), [0.8, 'product_1_quantity', 'product_3_quantity', 0.2], 0.2, array([39, 49, 54]))

table_9_parameters:
(138.0, [0, 3], 15, [0.9, 0.92, 0.93, 0.69, 0.89, 1.21, 1.14], 3, [1, '2019-06-21', '2019-03-21', 0.25, 0.25], array([0.58, 0.34, 0.64]), [0.8, 'product_1_quantity', 'product_3_quantity', 0.2], 0.2, array([48, 44, 21]))

table_10_parameters:
(142.0, [0, 3], 15, [0.86, 0.96, 0.89, 0.9, 1.11, 0.96, 0.75], 3, [1, '2019-06-21', '2019-03-21', 0.25, 0.25], array([0.58, 0.34, 0.64]), [0.8, 'product_1_quantity', 'product_3_quantity', 0.2], 0.2, array([45, 49, 43]))

table_11_parameters:
(135.0, [0, 3], 15, [0.98, 1.15, 0.87, 0.88, 1.07, 0.96, 0.8], 3, [1, '2019-06-21', '2019-03-21', 0.25, 0.25], array([0.58, 0.34, 0.64]), [0.8, 'product_1_quantity', 'product_3_quantity', 0.2], 0.2, array([64, 34, 47]))

table_12_parameters:
(114.0, [0, 3], 15, [1.22, 0.77, 1.17, 1.09, 1.06, 0.91, 0.96], 3, [1, '2019-06-21', '2019-03-21', 0.25, 0.25], array([0.58, 0.34, 0.64]), [0.8, 'product_1_quantity', 'product_3_quantity', 0.2], 0.2, array([66, 65, 25]))

table_13_parameters:
(139.0, [0, 3], 15, [1.15, 0.79, 1.06, 0.98, 1.07, 1.12, 1.17], 3, [1, '2019-06-21', '2019-03-21', 0.25, 0.25], array([0.58, 0.34, 0.64]), [0.8, 'product_1_quantity', 'product_3_quantity', 0.2], 0.2, array([43, 58, 50]))

table_14_parameters:
(142.0, [0, 3], 15, [1.0, 1.07, 0.95, 0.95, 0.95, 1.11, 1.07], 3, [1, '2019-06-21', '2019-03-21', 0.25, 0.25], array([0.58, 0.34, 0.64]), [0.8, 'product_1_quantity', 'product_3_quantity', 0.2], 0.2, array([41, 30, 46]))

table_15_parameters:
(115.0, [0, 3], 15, [0.92, 0.99, 1.24, 1.2, 0.92, 1.19, 1.01], 3, [1, '2019-06-21', '2019-03-21', 0.25, 0.25], array([0.58, 0.34, 0.64]), [0.8, 'product_1_quantity', 'product_3_quantity', 0.2], 0.2, array([23, 51, 30]))

table_16_parameters:
(146.0, [0, 3], 15, [0.95, 1.09, 0.87, 1.1, 0.94, 0.79, 0.68], 3, [1, '2019-06-21', '2019-03-21', 0.25, 0.25], array([0.58, 0.34, 0.64]), [0.8, 'product_1_quantity', 'product_3_quantity', 0.2], 0.2, array([36, 55, 27]))

table_17_parameters:
(129.0, [0, 3], 15, [0.88, 1.09, 0.65, 1.08, 0.88, 0.62, 1.02], 3, [1, '2019-06-21', '2019-03-21', 0.25, 0.25], array([0.58, 0.34, 0.64]), [0.8, 'product_1_quantity', 'product_3_quantity', 0.2], 0.2, array([50, 62, 24]))

table_18_parameters:
(102.0, [0, 3], 15, [0.93, 0.83, 0.97, 0.87, 1.26, 1.08, 0.84], 3, [1, '2019-06-21', '2019-03-21', 0.25, 0.25], array([0.58, 0.34, 0.64]), [0.8, 'product_1_quantity', 'product_3_quantity', 0.2], 0.2, array([44, 21, 45]))

table_19_parameters:
(131.0, [0, 3], 15, [0.93, 1.03, 1.31, 1.03, 0.96, 0.84, 0.91], 3, [1, '2019-06-21', '2019-03-21', 0.25, 0.25], array([0.58, 0.34, 0.64]), [0.8, 'product_1_quantity', 'product_3_quantity', 0.2], 0.2, array([58, 52, 29]))

table_20_parameters:
(111.0, [0, 3], 15, [0.91, 0.74, 0.93, 1.0, 1.0, 1.18, 1.15], 3, [1, '2019-06-21', '2019-03-21', 0.25, 0.25], array([0.58, 0.34, 0.64]), [0.8, 'product_1_quantity', 'product_3_quantity', 0.2], 0.2, array([64, 26, 64]))

table_21_parameters:
(142.0, [0, 3], 15, [1.0, 0.85, 0.94, 1.04, 0.89, 0.97, 1.2], 3, [1, '2019-06-21', '2019-03-21', 0.25, 0.25], array([0.58, 0.34, 0.64]), [0.8, 'product_1_quantity', 'product_3_quantity', 0.2], 0.2, array([44, 26, 36]))

table_22_parameters:
(147.0, [0, 3], 15, [0.89, 0.97, 1.1, 1.02, 1.23, 0.86, 0.74], 3, [1, '2019-06-21', '2019-03-21', 0.25, 0.25], array([0.58, 0.34, 0.64]), [0.8, 'product_1_quantity', 'product_3_quantity', 0.2], 0.2, array([46, 24, 51]))

table_23_parameters:
(143.0, [0, 3], 15, [1.18, 1.03, 0.73, 1.29, 0.91, 0.85, 1.07], 3, [1, '2019-06-21', '2019-03-21', 0.25, 0.25], array([0.58, 0.34, 0.64]), [0.8, 'product_1_quantity', 'product_3_quantity', 0.2], 0.2, array([55, 30, 55]))

table_24_parameters:
(147.0, [0, 3], 15, [1.33, 1.0, 1.22, 0.9, 1.0, 1.13, 1.05], 3, [1, '2019-06-21', '2019-03-21', 0.25, 0.25], array([0.58, 0.34, 0.64]), [0.8, 'product_1_quantity', 'product_3_quantity', 0.2], 0.2, array([45, 68, 38]))

table_25_parameters:
(106.0, [0, 3], 15, [0.81, 1.17, 0.85, 0.83, 0.83, 1.08, 0.77], 3, [1, '2019-06-21', '2019-03-21', 0.25, 0.25], array([0.58, 0.34, 0.64]), [0.8, 'product_1_quantity', 'product_3_quantity', 0.2], 0.2, array([63, 52, 41]))

table_26_parameters:
(149.0, [0, 3], 15, [1.05, 0.9, 1.3, 0.93, 0.93, 0.98, 0.86], 3, [1, '2019-06-21', '2019-03-21', 0.25, 0.25], array([0.58, 0.34, 0.64]), [0.8, 'product_1_quantity', 'product_3_quantity', 0.2], 0.2, array([44, 67, 25]))

table_27_parameters:
(146.0, [0, 3], 15, [0.86, 1.4, 1.22, 1.09, 0.94, 1.01, 1.22], 3, [1, '2019-06-21', '2019-03-21', 0.25, 0.25], array([0.58, 0.34, 0.64]), [0.8, 'product_1_quantity', 'product_3_quantity', 0.2], 0.2, array([43, 68, 28]))

table_28_parameters:
(116.0, [0, 3], 15, [0.81, 1.15, 1.08, 0.96, 1.02, 0.9, 1.06], 3, [1, '2019-06-21', '2019-03-21', 0.25, 0.25], array([0.58, 0.34, 0.64]), [0.8, 'product_1_quantity', 'product_3_quantity', 0.2], 0.2, array([44, 43, 65]))

table_29_parameters:
(139.0, [0, 3], 15, [0.92, 0.83, 1.1, 0.91, 1.25, 1.03, 1.27], 3, [1, '2019-06-21', '2019-03-21', 0.25, 0.25], array([0.58, 0.34, 0.64]), [0.8, 'product_1_quantity', 'product_3_quantity', 0.2], 0.2, array([33, 59, 33]))

table_30_parameters:
(112.0, [0, 3], 15, [0.95, 1.23, 0.98, 0.7, 1.2, 0.94, 0.96], 3, [1, '2019-06-21', '2019-03-21', 0.25, 0.25], array([0.58, 0.34, 0.64]), [0.8, 'product_1_quantity', 'product_3_quantity', 0.2], 0.2, array([54, 41, 25]))

table_31_parameters:
(146.0, [0, 3], 15, [1.04, 1.14, 1.07, 0.82, 0.89, 0.72, 0.79], 3, [1, '2019-06-21', '2019-03-21', 0.25, 0.25], array([0.58, 0.34, 0.64]), [0.8, 'product_1_quantity', 'product_3_quantity', 0.2], 0.2, array([51, 63, 61]))

table_32_parameters:
(147.0, [0, 3], 15, [0.91, 0.84, 0.86, 0.97, 1.18, 1.15, 0.93], 3, [1, '2019-06-21', '2019-03-21', 0.25, 0.25], array([0.58, 0.34, 0.64]), [0.8, 'product_1_quantity', 'product_3_quantity', 0.2], 0.2, array([47, 58, 21]))

table_33_parameters:
(148.0, [0, 3], 15, [1.08, 0.86, 0.9, 0.85, 1.17, 1.09, 1.01], 3, [1, '2019-06-21', '2019-03-21', 0.25, 0.25], array([0.58, 0.34, 0.64]), [0.8, 'product_1_quantity', 'product_3_quantity', 0.2], 0.2, array([55, 47, 56]))

table_34_parameters:
(105.0, [0, 3], 15, [0.9, 0.98, 0.96, 0.88, 0.89, 1.17, 0.87], 3, [1, '2019-06-21', '2019-03-21', 0.25, 0.25], array([0.58, 0.34, 0.64]), [0.8, 'product_1_quantity', 'product_3_quantity', 0.2], 0.2, array([27, 26, 53]))

table_35_parameters:
(129.0, [0, 3], 15, [1.0, 0.94, 0.87, 0.56, 1.26, 0.96, 0.94], 3, [1, '2019-06-21', '2019-03-21', 0.25, 0.25], array([0.58, 0.34, 0.64]), [0.8, 'product_1_quantity', 'product_3_quantity', 0.2], 0.2, array([48, 42, 34]))

table_36_parameters:
(126.0, [0, 3], 15, [0.85, 0.98, 0.75, 0.92, 1.04, 1.02, 1.0], 3, [1, '2019-06-21', '2019-03-21', 0.25, 0.25], array([0.58, 0.34, 0.64]), [0.8, 'product_1_quantity', 'product_3_quantity', 0.2], 0.2, array([38, 60, 23]))

table_37_parameters:
(148.0, [0, 3], 15, [1.08, 1.18, 1.29, 0.89, 1.29, 0.72, 1.11], 3, [1, '2019-06-21', '2019-03-21', 0.25, 0.25], array([0.58, 0.34, 0.64]), [0.8, 'product_1_quantity', 'product_3_quantity', 0.2], 0.2, array([39, 60, 46]))

table_38_parameters:
(118.0, [0, 3], 15, [1.09, 1.12, 0.98, 0.93, 1.06, 1.21, 0.86], 3, [1, '2019-06-21', '2019-03-21', 0.25, 0.25], array([0.58, 0.34, 0.64]), [0.8, 'product_1_quantity', 'product_3_quantity', 0.2], 0.2, array([44, 52, 32]))

table_39_parameters:
(121.0, [0, 3], 15, [0.87, 0.89, 0.78, 1.13, 1.06, 1.03, 0.72], 3, [1, '2019-06-21', '2019-03-21', 0.25, 0.25], array([0.58, 0.34, 0.64]), [0.8, 'product_1_quantity', 'product_3_quantity', 0.2], 0.2, array([47, 63, 51]))

table_40_parameters:
(108.0, [0, 3], 15, [1.06, 1.24, 1.18, 0.9, 1.17, 1.08, 0.98], 3, [1, '2019-06-21', '2019-03-21', 0.25, 0.25], array([0.58, 0.34, 0.64]), [0.8, 'product_1_quantity', 'product_3_quantity', 0.2], 0.2, array([32, 42, 38]))

table_41_parameters:
(116.0, [0, 3], 15, [1.04, 1.18, 1.0, 0.68, 1.08, 1.21, 1.11], 3, [1, '2019-06-21', '2019-03-21', 0.25, 0.25], array([0.58, 0.34, 0.64]), [0.8, 'product_1_quantity', 'product_3_quantity', 0.2], 0.2, array([65, 48, 24]))

table_42_parameters:
(134.0, [0, 3], 15, [0.97, 1.02, 0.98, 1.08, 1.16, 0.91, 1.12], 3, [1, '2019-06-21', '2019-03-21', 0.25, 0.25], array([0.58, 0.34, 0.64]), [0.8, 'product_1_quantity', 'product_3_quantity', 0.2], 0.2, array([40, 61, 65]))

table_43_parameters:
(115.0, [0, 3], 15, [0.82, 0.89, 0.82, 0.96, 0.99, 1.25, 0.98], 3, [1, '2019-06-21', '2019-03-21', 0.25, 0.25], array([0.58, 0.34, 0.64]), [0.8, 'product_1_quantity', 'product_3_quantity', 0.2], 0.2, array([56, 54, 29]))

table_44_parameters:
(142.0, [0, 3], 15, [0.9, 0.99, 1.33, 1.03, 0.82, 0.83, 1.06], 3, [1, '2019-06-21', '2019-03-21', 0.25, 0.25], array([0.58, 0.34, 0.64]), [0.8, 'product_1_quantity', 'product_3_quantity', 0.2], 0.2, array([36, 36, 30]))

table_45_parameters:
(124.0, [0, 3], 15, [1.13, 1.0, 1.13, 0.86, 1.11, 1.06, 1.14], 3, [1, '2019-06-21', '2019-03-21', 0.25, 0.25], array([0.58, 0.34, 0.64]), [0.8, 'product_1_quantity', 'product_3_quantity', 0.2], 0.2, array([54, 34, 55]))

table_46_parameters:
(148.0, [0, 3], 15, [1.25, 1.23, 0.94, 1.0, 0.94, 0.95, 1.07], 3, [1, '2019-06-21', '2019-03-21', 0.25, 0.25], array([0.58, 0.34, 0.64]), [0.8, 'product_1_quantity', 'product_3_quantity', 0.2], 0.2, array([36, 37, 66]))

table_47_parameters:
(116.0, [0, 3], 15, [1.01, 0.82, 0.96, 0.89, 0.78, 1.15, 1.34], 3, [1, '2019-06-21', '2019-03-21', 0.25, 0.25], array([0.58, 0.34, 0.64]), [0.8, 'product_1_quantity', 'product_3_quantity', 0.2], 0.2, array([39, 24, 31]))

table_48_parameters:
(107.0, [0, 3], 15, [1.02, 0.89, 0.88, 1.05, 1.13, 1.01, 0.78], 3, [1, '2019-06-21', '2019-03-21', 0.25, 0.25], array([0.58, 0.34, 0.64]), [0.8, 'product_1_quantity', 'product_3_quantity', 0.2], 0.2, array([32, 53, 25]))

table_49_parameters:
(105.0, [0, 3], 15, [0.99, 1.04, 1.1, 0.89, 1.11, 0.99, 0.97], 3, [1, '2019-06-21', '2019-03-21', 0.25, 0.25], array([0.58, 0.34, 0.64]), [0.8, 'product_1_quantity', 'product_3_quantity', 0.2], 0.2, array([42, 31, 38]))

table_50_parameters:
(149.0, [0, 3], 15, [1.31, 0.91, 1.15, 0.99, 1.26, 0.91, 0.86], 3, [1, '2019-06-21', '2019-03-21', 0.25, 0.25], array([0.58, 0.34, 0.64]), [0.8, 'product_1_quantity', 'product_3_quantity', 0.2], 0.2, array([58, 42, 64]))

table_51_parameters:
(136.0, [0, 3], 15, [1.08, 1.24, 1.25, 0.98, 0.87, 0.78, 1.06], 3, [1, '2019-06-21', '2019-03-21', 0.25, 0.25], array([0.58, 0.34, 0.64]), [0.8, 'product_1_quantity', 'product_3_quantity', 0.2], 0.2, array([35, 35, 44]))

table_52_parameters:
(123.0, [0, 3], 15, [0.99, 1.04, 0.78, 1.23, 1.12, 0.92, 1.2], 3, [1, '2019-06-21', '2019-03-21', 0.25, 0.25], array([0.58, 0.34, 0.64]), [0.8, 'product_1_quantity', 'product_3_quantity', 0.2], 0.2, array([39, 59, 43]))

table_53_parameters:
(130.0, [0, 3], 15, [0.74, 0.94, 0.9, 1.2, 1.09, 1.04, 1.07], 3, [1, '2019-06-21', '2019-03-21', 0.25, 0.25], array([0.58, 0.34, 0.64]), [0.8, 'product_1_quantity', 'product_3_quantity', 0.2], 0.2, array([55, 58, 64]))

table_54_parameters:
(125.0, [0, 3], 15, [1.14, 1.11, 1.02, 0.73, 0.96, 1.24, 0.99], 3, [1, '2019-06-21', '2019-03-21', 0.25, 0.25], array([0.58, 0.34, 0.64]), [0.8, 'product_1_quantity', 'product_3_quantity', 0.2], 0.2, array([37, 35, 66]))

table_55_parameters:
(113.0, [0, 3], 15, [0.95, 1.16, 1.08, 1.19, 0.64, 1.0, 0.91], 3, [1, '2019-06-21', '2019-03-21', 0.25, 0.25], array([0.58, 0.34, 0.64]), [0.8, 'product_1_quantity', 'product_3_quantity', 0.2], 0.2, array([33, 38, 37]))

table_56_parameters:
(148.0, [0, 3], 15, [0.85, 0.95, 1.17, 1.14, 0.91, 1.13, 1.1], 3, [1, '2019-06-21', '2019-03-21', 0.25, 0.25], array([0.58, 0.34, 0.64]), [0.8, 'product_1_quantity', 'product_3_quantity', 0.2], 0.2, array([56, 46, 39]))

table_57_parameters:
(120.0, [0, 3], 15, [0.9, 1.03, 1.1, 1.0, 1.02, 1.33, 1.02], 3, [1, '2019-06-21', '2019-03-21', 0.25, 0.25], array([0.58, 0.34, 0.64]), [0.8, 'product_1_quantity', 'product_3_quantity', 0.2], 0.2, array([32, 47, 58]))

table_58_parameters:
(144.0, [0, 3], 15, [0.66, 0.93, 1.16, 0.87, 0.95, 0.86, 1.19], 3, [1, '2019-06-21', '2019-03-21', 0.25, 0.25], array([0.58, 0.34, 0.64]), [0.8, 'product_1_quantity', 'product_3_quantity', 0.2], 0.2, array([27, 22, 23]))

table_59_parameters:
(134.0, [0, 3], 15, [0.92, 0.98, 1.24, 0.9, 1.15, 0.67, 0.88], 3, [1, '2019-06-21', '2019-03-21', 0.25, 0.25], array([0.58, 0.34, 0.64]), [0.8, 'product_1_quantity', 'product_3_quantity', 0.2], 0.2, array([24, 38, 43]))

table_60_parameters:
(138.0, [0, 3], 15, [1.38, 1.32, 1.05, 0.88, 1.05, 0.93, 1.11], 3, [1, '2019-06-21', '2019-03-21', 0.25, 0.25], array([0.58, 0.34, 0.64]), [0.8, 'product_1_quantity', 'product_3_quantity', 0.2], 0.2, array([69, 32, 36]))

table_61_parameters:
(120.0, [0, 3], 15, [0.99, 1.28, 0.92, 1.22, 1.0, 1.01, 1.0], 3, [1, '2019-06-21', '2019-03-21', 0.25, 0.25], array([0.58, 0.34, 0.64]), [0.8, 'product_1_quantity', 'product_3_quantity', 0.2], 0.2, array([60, 46, 46]))

table_62_parameters:
(129.0, [0, 3], 15, [0.84, 0.79, 1.1, 1.23, 0.84, 0.97, 0.67], 3, [1, '2019-06-21', '2019-03-21', 0.25, 0.25], array([0.58, 0.34, 0.64]), [0.8, 'product_1_quantity', 'product_3_quantity', 0.2], 0.2, array([34, 55, 26]))

table_63_parameters:
(134.0, [0, 3], 15, [0.66, 1.37, 1.15, 0.76, 1.06, 0.61, 0.49], 3, [1, '2019-06-21', '2019-03-21', 0.25, 0.25], array([0.58, 0.34, 0.64]), [0.8, 'product_1_quantity', 'product_3_quantity', 0.2], 0.2, array([63, 38, 50]))

table_64_parameters:
(119.0, [0, 3], 15, [0.93, 0.97, 0.87, 0.92, 1.11, 0.94, 0.82], 3, [1, '2019-06-21', '2019-03-21', 0.25, 0.25], array([0.58, 0.34, 0.64]), [0.8, 'product_1_quantity', 'product_3_quantity', 0.2], 0.2, array([45, 29, 56]))

table_65_parameters:
(124.0, [0, 3], 15, [1.04, 1.03, 1.06, 1.07, 1.01, 0.98, 0.94], 3, [1, '2019-06-21', '2019-03-21', 0.25, 0.25], array([0.58, 0.34, 0.64]), [0.8, 'product_1_quantity', 'product_3_quantity', 0.2], 0.2, array([64, 51, 40]))

table_66_parameters:
(104.0, [0, 3], 15, [1.05, 1.25, 1.2, 1.18, 1.21, 1.07, 0.94], 3, [1, '2019-06-21', '2019-03-21', 0.25, 0.25], array([0.58, 0.34, 0.64]), [0.8, 'product_1_quantity', 'product_3_quantity', 0.2], 0.2, array([32, 63, 41]))

table_67_parameters:
(113.0, [0, 3], 15, [0.98, 1.02, 0.85, 0.99, 0.97, 0.89, 0.77], 3, [1, '2019-06-21', '2019-03-21', 0.25, 0.25], array([0.58, 0.34, 0.64]), [0.8, 'product_1_quantity', 'product_3_quantity', 0.2], 0.2, array([27, 21, 23]))

table_68_parameters:
(136.0, [0, 3], 15, [0.92, 1.1, 0.97, 0.9, 0.94, 0.83, 0.85], 3, [1, '2019-06-21', '2019-03-21', 0.25, 0.25], array([0.58, 0.34, 0.64]), [0.8, 'product_1_quantity', 'product_3_quantity', 0.2], 0.2, array([59, 39, 37]))

table_69_parameters:
(131.0, [0, 3], 15, [0.9, 1.2, 0.81, 0.52, 1.09, 0.78, 1.06], 3, [1, '2019-06-21', '2019-03-21', 0.25, 0.25], array([0.58, 0.34, 0.64]), [0.8, 'product_1_quantity', 'product_3_quantity', 0.2], 0.2, array([38, 30, 31]))

table_70_parameters:
(130.0, [0, 3], 15, [0.79, 0.91, 0.83, 1.27, 0.85, 1.22, 0.86], 3, [1, '2019-06-21', '2019-03-21', 0.25, 0.25], array([0.58, 0.34, 0.64]), [0.8, 'product_1_quantity', 'product_3_quantity', 0.2], 0.2, array([28, 69, 42]))

table_71_parameters:
(149.0, [0, 3], 15, [0.99, 0.92, 1.04, 1.23, 1.19, 1.14, 0.86], 3, [1, '2019-06-21', '2019-03-21', 0.25, 0.25], array([0.58, 0.34, 0.64]), [0.8, 'product_1_quantity', 'product_3_quantity', 0.2], 0.2, array([38, 43, 59]))

table_72_parameters:
(143.0, [0, 3], 15, [1.21, 0.98, 1.28, 0.97, 0.9, 1.07, 1.09], 3, [1, '2019-06-21', '2019-03-21', 0.25, 0.25], array([0.58, 0.34, 0.64]), [0.8, 'product_1_quantity', 'product_3_quantity', 0.2], 0.2, array([38, 67, 22]))

table_73_parameters:
(104.0, [0, 3], 15, [1.11, 0.78, 0.69, 1.05, 0.85, 1.07, 1.09], 3, [1, '2019-06-21', '2019-03-21', 0.25, 0.25], array([0.58, 0.34, 0.64]), [0.8, 'product_1_quantity', 'product_3_quantity', 0.2], 0.2, array([66, 57, 22]))

table_74_parameters:
(135.0, [0, 3], 15, [0.9, 1.13, 1.15, 1.26, 1.0, 0.77, 1.13], 3, [1, '2019-06-21', '2019-03-21', 0.25, 0.25], array([0.58, 0.34, 0.64]), [0.8, 'product_1_quantity', 'product_3_quantity', 0.2], 0.2, array([29, 36, 57]))

table_75_parameters:
(131.0, [0, 3], 15, [1.33, 1.03, 0.87, 0.94, 1.14, 0.91, 0.82], 3, [1, '2019-06-21', '2019-03-21', 0.25, 0.25], array([0.58, 0.34, 0.64]), [0.8, 'product_1_quantity', 'product_3_quantity', 0.2], 0.2, array([36, 58, 58]))

table_76_parameters:
(114.0, [0, 3], 15, [1.0, 1.19, 0.92, 0.89, 0.9, 1.01, 1.09], 3, [1, '2019-06-21', '2019-03-21', 0.25, 0.25], array([0.58, 0.34, 0.64]), [0.8, 'product_1_quantity', 'product_3_quantity', 0.2], 0.2, array([64, 37, 47]))

table_77_parameters:
(142.0, [0, 3], 15, [1.07, 1.01, 1.09, 0.89, 1.13, 1.12, 1.14], 3, [1, '2019-06-21', '2019-03-21', 0.25, 0.25], array([0.58, 0.34, 0.64]), [0.8, 'product_1_quantity', 'product_3_quantity', 0.2], 0.2, array([59, 33, 47]))

table_78_parameters:
(122.0, [0, 3], 15, [0.96, 0.74, 1.37, 0.99, 0.82, 1.04, 1.14], 3, [1, '2019-06-21', '2019-03-21', 0.25, 0.25], array([0.58, 0.34, 0.64]), [0.8, 'product_1_quantity', 'product_3_quantity', 0.2], 0.2, array([64, 33, 52]))

table_79_parameters:
(104.0, [0, 3], 15, [1.37, 0.87, 1.18, 1.12, 0.78, 0.92, 0.89], 3, [1, '2019-06-21', '2019-03-21', 0.25, 0.25], array([0.58, 0.34, 0.64]), [0.8, 'product_1_quantity', 'product_3_quantity', 0.2], 0.2, array([57, 67, 47]))

table_80_parameters:
(147.0, [0, 3], 15, [1.04, 1.21, 0.97, 0.89, 1.17, 0.97, 1.0], 3, [1, '2019-06-21', '2019-03-21', 0.25, 0.25], array([0.58, 0.34, 0.64]), [0.8, 'product_1_quantity', 'product_3_quantity', 0.2], 0.2, array([69, 23, 32]))

table_81_parameters:
(141.0, [0, 3], 15, [0.94, 0.87, 0.98, 1.07, 1.09, 0.99, 1.19], 3, [1, '2019-06-21', '2019-03-21', 0.25, 0.25], array([0.58, 0.34, 0.64]), [0.8, 'product_1_quantity', 'product_3_quantity', 0.2], 0.2, array([58, 55, 54]))

table_82_parameters:
(126.0, [0, 3], 15, [0.92, 1.22, 1.03, 1.2, 0.94, 0.83, 0.89], 3, [1, '2019-06-21', '2019-03-21', 0.25, 0.25], array([0.58, 0.34, 0.64]), [0.8, 'product_1_quantity', 'product_3_quantity', 0.2], 0.2, array([32, 46, 25]))

table_83_parameters:
(116.0, [0, 3], 15, [0.9, 0.82, 0.97, 1.08, 0.85, 1.01, 1.16], 3, [1, '2019-06-21', '2019-03-21', 0.25, 0.25], array([0.58, 0.34, 0.64]), [0.8, 'product_1_quantity', 'product_3_quantity', 0.2], 0.2, array([31, 65, 63]))

table_84_parameters:
(119.0, [0, 3], 15, [1.14, 1.1, 1.1, 0.96, 1.0, 1.28, 1.16], 3, [1, '2019-06-21', '2019-03-21', 0.25, 0.25], array([0.58, 0.34, 0.64]), [0.8, 'product_1_quantity', 'product_3_quantity', 0.2], 0.2, array([35, 41, 56]))

table_85_parameters:
(109.0, [0, 3], 15, [0.94, 1.22, 0.86, 0.96, 1.16, 1.09, 1.13], 3, [1, '2019-06-21', '2019-03-21', 0.25, 0.25], array([0.58, 0.34, 0.64]), [0.8, 'product_1_quantity', 'product_3_quantity', 0.2], 0.2, array([25, 64, 21]))

table_86_parameters:
(113.0, [0, 3], 15, [0.92, 0.91, 1.07, 1.0, 0.76, 0.88, 1.13], 3, [1, '2019-06-21', '2019-03-21', 0.25, 0.25], array([0.58, 0.34, 0.64]), [0.8, 'product_1_quantity', 'product_3_quantity', 0.2], 0.2, array([53, 46, 24]))

table_87_parameters:
(119.0, [0, 3], 15, [0.83, 1.05, 1.04, 0.96, 0.97, 1.21, 1.06], 3, [1, '2019-06-21', '2019-03-21', 0.25, 0.25], array([0.58, 0.34, 0.64]), [0.8, 'product_1_quantity', 'product_3_quantity', 0.2], 0.2, array([31, 41, 31]))

table_88_parameters:
(107.0, [0, 3], 15, [1.12, 0.92, 1.09, 1.08, 1.05, 1.14, 0.88], 3, [1, '2019-06-21', '2019-03-21', 0.25, 0.25], array([0.58, 0.34, 0.64]), [0.8, 'product_1_quantity', 'product_3_quantity', 0.2], 0.2, array([65, 51, 20]))

table_89_parameters:
(104.0, [0, 3], 15, [0.93, 0.99, 1.13, 1.08, 1.13, 0.77, 0.97], 3, [1, '2019-06-21', '2019-03-21', 0.25, 0.25], array([0.58, 0.34, 0.64]), [0.8, 'product_1_quantity', 'product_3_quantity', 0.2], 0.2, array([55, 23, 27]))

table_90_parameters:
(140.0, [0, 3], 15, [0.78, 1.05, 1.01, 1.0, 0.97, 1.29, 1.11], 3, [1, '2019-06-21', '2019-03-21', 0.25, 0.25], array([0.58, 0.34, 0.64]), [0.8, 'product_1_quantity', 'product_3_quantity', 0.2], 0.2, array([58, 53, 29]))

table_91_parameters:
(135.0, [0, 3], 15, [0.92, 1.15, 0.88, 1.62, 1.1, 0.95, 0.92], 3, [1, '2019-06-21', '2019-03-21', 0.25, 0.25], array([0.58, 0.34, 0.64]), [0.8, 'product_1_quantity', 'product_3_quantity', 0.2], 0.2, array([67, 51, 63]))

table_92_parameters:
(100.0, [0, 3], 15, [0.95, 1.09, 0.91, 1.06, 1.01, 1.3, 1.13], 3, [1, '2019-06-21', '2019-03-21', 0.25, 0.25], array([0.58, 0.34, 0.64]), [0.8, 'product_1_quantity', 'product_3_quantity', 0.2], 0.2, array([56, 62, 32]))

table_93_parameters:
(144.0, [0, 3], 15, [0.86, 0.85, 1.08, 1.13, 0.87, 1.11, 0.81], 3, [1, '2019-06-21', '2019-03-21', 0.25, 0.25], array([0.58, 0.34, 0.64]), [0.8, 'product_1_quantity', 'product_3_quantity', 0.2], 0.2, array([67, 29, 28]))

table_94_parameters:
(123.0, [0, 3], 15, [1.05, 1.05, 1.01, 1.23, 1.01, 0.98, 1.14], 3, [1, '2019-06-21', '2019-03-21', 0.25, 0.25], array([0.58, 0.34, 0.64]), [0.8, 'product_1_quantity', 'product_3_quantity', 0.2], 0.2, array([55, 34, 30]))

table_95_parameters:
(134.0, [0, 3], 15, [0.76, 0.82, 0.96, 0.9, 1.08, 1.07, 0.99], 3, [1, '2019-06-21', '2019-03-21', 0.25, 0.25], array([0.58, 0.34, 0.64]), [0.8, 'product_1_quantity', 'product_3_quantity', 0.2], 0.2, array([52, 53, 53]))

table_96_parameters:
(107.0, [0, 3], 15, [1.15, 1.04, 1.03, 0.64, 1.13, 0.62, 1.04], 3, [1, '2019-06-21', '2019-03-21', 0.25, 0.25], array([0.58, 0.34, 0.64]), [0.8, 'product_1_quantity', 'product_3_quantity', 0.2], 0.2, array([31, 29, 64]))

table_97_parameters:
(117.0, [0, 3], 15, [0.75, 0.72, 0.89, 1.04, 1.11, 0.9, 0.86], 3, [1, '2019-06-21', '2019-03-21', 0.25, 0.25], array([0.58, 0.34, 0.64]), [0.8, 'product_1_quantity', 'product_3_quantity', 0.2], 0.2, array([25, 25, 63]))

table_98_parameters:
(113.0, [0, 3], 15, [0.94, 1.09, 0.93, 0.88, 1.06, 0.65, 1.1], 3, [1, '2019-06-21', '2019-03-21', 0.25, 0.25], array([0.58, 0.34, 0.64]), [0.8, 'product_1_quantity', 'product_3_quantity', 0.2], 0.2, array([38, 69, 54]))

table_99_parameters:
(147.0, [0, 3], 15, [1.13, 0.93, 0.93, 1.13, 1.08, 0.97, 1.23], 3, [1, '2019-06-21', '2019-03-21', 0.25, 0.25], array([0.58, 0.34, 0.64]), [0.8, 'product_1_quantity', 'product_3_quantity', 0.2], 0.2, array([36, 34, 50]))

table_100_parameters:
(148.0, [0, 3], 15, [1.01, 1.23, 0.83, 0.92, 0.99, 1.02, 1.09], 3, [1, '2019-06-21', '2019-03-21', 0.25, 0.25], array([0.58, 0.34, 0.64]), [0.8, 'product_1_quantity', 'product_3_quantity', 0.2], 0.2, array([27, 40, 25]))

